0 0.17578125 0.1125 0.21328125 0.18203125
0 0.175 0.228125 0.25703125 0.0578125
0 0.18671875 0.35546875 0.3 0.15390625
0 0.18046875 0.546875 0.2734375 0.20625
0 0.17421875 0.7265625 0.2921875 0.13125
0 0.18359375 0.88828125 0.31328125 0.17578125
0 0.65625 0.09609375 0.58828125 0.1625
0 0.6671875 0.225 0.60859375 0.09140625
0 0.66640625 0.33984375 0.609375 0.14140625
0 0.66171875 0.45390625 0.6 0.08046875
0 0.65546875 0.521875 0.59296875 0.0609375
0 0.66953125 0.6171875 0.62734375 0.12890625
0 0.68125 0.7875 0.6359375 0.1984375
0 0.67578125 0.946875 0.64765625 0.09921875