0 0.1578125 0.09765625 0.234375 0.15390625
0 0.175 0.259375 0.3359375 0.14140625
0 0.1703125 0.40703125 0.3234375 0.1359375
0 0.16875 0.61484375 0.33046875 0.25234375
0 0.16953125 0.80390625 0.30234375 0.1125
0 0.159375 0.92265625 0.2859375 0.1046875
0 0.67421875 0.0875 0.59375 0.0578125
0 0.665625 0.19609375 0.61953125 0.08671875
0 0.67109375 0.290625 0.6125 0.08671875
0 0.6609375 0.48046875 0.59921875 0.290625
0 0.665625 0.67734375 0.6125 0.08046875
0 0.65078125 0.83984375 0.6046875 0.23203125